0.3729733858949661
0.1334003776035526
0.6042308258421525
0.2593928790831991
0.6820020870752812
0.20440666684024278
0.8462887185060661
0.0005708956583404534
0.33317679432320924
0.6096569248963326
0.6955207668390804
0.18878951020863832
0.10805742681028352
0.25638493408095586
0.24103538447389983
0.11810663334281257
0.08327563987134157
0.3336773792819475
0.30784749023348057
0.6454282061292547
0.793942613919122
0.11873405293083628
0.8443354245388317
0.9518127433914725
0.5770884527654285
0.8393552517479338
0.9410586605927964
0.09006010170002121
0.9693506073732768
0.4483157635149886
0.30163847442025726
0.5364958485750914
0.1940237578196402
0.814346084970263
0.9560911606873664
0.18469991110940598
0.7689602317090686
0.5328511530015082
0.6346846978434159
0.1817534440906977
0.4502128360460188
0.6261419273041073
0.2709784375176014
0.5388663644833884
0.4254657822598531
0.5860704679191979
0.8401776136207751
0.24383125996868027
0.5032021962557419
0.7748751625803914
0.644060962309738
0.9008355613568905
0.7570875017373155
0.3875137315374546
0.6939261634935419
0.36137054370392774
0.8607999564280752
0.09669394449810587
0.02112200665415931
0.47303093760042936
0.060807226981663964
0.9254711674272336
0.8953491067091492
0.794517476325628
0.46797373864183944
0.09170998514888984
0.5514786694395162
0.0908240222193637
0.6533175011936105
0.06425874102613371
0.6863016841058172
0.9029724249448229
0.8202066980309433
0.6363899352251992
0.07446625422155073
0.5309150271626142
0.9029405684342416
0.0769267754780073
0.7597430084853376
0.6887728374404817
0.7708946096724205
0.39982562567696156
0.4527352869449103
0.14601545936848903
0.4272845833958535
0.8998709758491168
0.915192643408592
0.03887200395266788
0.3736594344278359
0.5484097263135242
0.8343367821576461
0.5257355774577508
0.06656551273327094
0.017699618648589266
0.1884359083420558
0.4357168280060696
0.8680101116260039
0.24431829612766143
0.1099221783032085
0.7352345491797269
0.0901703657366617
0.4647020986812387
0.5135293444910874
0.8794300467163944
0.6608118546578762
0.9014797716496029
0.4792421734612756
0.4358607768200463
0.5457378067629064
0.5851583736843485
0.3156874990352947
0.3084225290757834
0.6509256677426327
0.9941510725864585
0.2472009928028135
0.7956675247767702
0.8264766472815362
0.6045345473942664
0.5363366111642348
0.7393914543840806
0.6430320771499666
0.35842864530427876
0.4774485218039892
0.7836422781592061
0.09470139372274522
0.6111277857990322
0.3075748590169086
0.27852330693613503
0.62365328974943
0.1266805229621406
0.1412565041389593
0.9988721014095678
0.6928837384307961
0.04213516327311995
0.6147732043299929
0.29729690340347337
0.6126916035050322
0.9708870242558356
0.002436061613965923
0.34658782659634446
0.34009513994551177
0.22802174209965975
0.7017072925024395
0.10885195700288963
0.89394954085449
0.6571365901593816
0.4802440408291849
0.11202940073515921
0.32925312038487287
0.9944972902248633
0.6609299806566765
0.10716277594245016
0.9986554532647137
0.18266052644931263
0.3106025284883036
0.5852560783908105
0.3888875551570905
0.5630335916550173
0.39441780667771
0.5358053566704276
0.6906552443372013
0.04780552246295433
0.5891964591363108
0.7174612213739154
0.16620020413440384
0.12975406543033807
0.4671223059597013
0.8298489126681013
0.1885317571318902
0.917103734592531
0.4440611555966544
0.22230339741094973
0.9796567319675324
0.5148974559088121
0.08349019749571474
0.6775810214554159
0.7151803822533422
0.3666001084486402
0.4902065090742781
0.9928483156229369
0.6247037767797146
0.8845587840235942
0.36696895176499855
0.8936161544009055
0.2056021311077193
0.9602712940722621
0.5182096869065786
0.3745547593483478
0.3660692708287452
0.18578783017654188
0.7007920931231402
0.8287200212752385
0.22066329181688993
0.6881340221200735
0.7053749080198433
0.4807883271464216
0.6734978629279406
0.4298378327947282
0.46059284673148704
0.9684893604230341
0.49324081623239324
0.07462072433849865
0.6819101667049113
0.40912319982690504
0.3886514447279079
0.15563989034725845
0.10360151510992643
0.1289155712844705
0.029593523031033686
0.3336898673719024
0.16263557971629483
0.41090032089929907
0.07599917668393386
0.07610245676052563
0.013375549644724094
0.4121153286268685
0.4935119025439203
0.7221298099399529
0.03570720089644219
0.34686830736457497
0.23756648592105944
0.2981730332921526
0.3150754221390474
0.6119768623533876
0.24495152715802382
0.24464670982470105
0.8690944520857116
0.03928094783863911
0.04172903983747933
0.8837655687164669
0.6174735120122108
0.43764590851492824
0.9230253675108343
0.26560800237535087
0.8125778458929961
0.9111337879052515
0.21275185852902245
0.2185970348574876
0.6891665203858598
0.6952253138387942
0.35771250195917015
0.10231286691801333
0.888104369525955
0.0840985281111224
0.6790225020585445
0.7307007735262745
0.7883291787525397
0.44926513414544655
0.3751756493462345
0.09081106152052965
0.9846774633244115
0.6456961733357495
0.5473842245397582
0.6516183064042441
0.880983201042641
0.7587541271566649
0.706750156656604
0.7053006834529725
0.10971254325191382
0.15955778907463936
0.5209762018159053
0.18802092764467282
0.9716758165355484
0.20558880556401338
0.6069759854281352
0.3144926250055605
0.8872742501391568
0.6043548436306809
0.11668765055940788
0.5236811508441407
0.1767188656023756
0.00196850324583675
0.10844145048412657
0.5951373968935212
0.12568052790118356
0.5838428609236491
0.9895190646282946
0.5012186541512993
0.8192356238852507
0.7180624966160493
0.942084347427226
0.7948632624848698
0.7306497165675301
0.5716492163019264
0.8860293566219165
0.4320577583335409
0.5803485927400903
0.22090910738485292
0.22030551437839274
0.7136431723237042
0.9395400605173965
0.3252078942216463
0.21103479217038212
0.09039874526784986
0.22885361882064004
0.31414937975024626
0.8293208143516958
0.13538953109429563
0.19310206366375926
0.44899794773048984
0.09994858769126203
0.5067480506137955
0.7003490594892098
0.41562313994283295
0.5431826388311228
0.990306216025006
0.9595039642649468
0.24061896476738842
0.027447693807768014
0.7654373121055359
0.15681623362660457
0.8611252167232785
0.3657583581371465
0.7326300154767248
0.6599040253414126
0.4177009798158756
0.9955693184996426
0.2817493588546167
0.009575732206761667
0.08302245428696076
0.8257845558367457
0.7937883216812455
0.8182962102272326
0.12633973594589576
0.7454230614368405
0.09404489817291928
0.22653887099497294
0.17261822993595
0.7506168561692065
0.12478852260888162
0.6942764887416678
0.9009504190113465
0.20715112999895047
0.9985730942112642
0.19232033401757453
0.7431495319614997
0.5586780647303411
0.311209115072022
0.7054731080994818
0.6945908672448171
0.23943492458715332
0.21215782526395766
0.2597905988821606
0.0894084182918301
0.21345943856508542
0.5624130607856868
0.7786466820609218
0.3833318094911641
0.5107027586313311
0.5641862010824384
0.4153181021157739
0.26031567750170015
0.16861026287098047
0.7782358279711659
0.5429698596519696
0.6378437922672248
0.33614970779815023
0.9250099193312286
0.4011935834796573
0.020467501103262453
0.94207861993924
0.44785735189431486
0.17992491434987423
0.18075003308341475
0.6445313709221147
0.8971877081034209
0.7342298090602536
0.41535509708170415
0.9537384780246175
0.7766953904819257
0.6329805104651482
0.8887821707552783
0.4590448691378477
0.5009966102700816
0.49587960620968163
0.5146369277347654
0.5270649213828249
0.9079322430256599
0.5618346166968454
0.03265251751407772
0.3398297722998803
0.31836857886238723
0.5157512731715942
0.5238401912207411
0.19722936548403158
0.3265548866692327
0.8183741961483282
0.8696924764501837
0.6256000752269397
0.0661465247856422
0.15380778948058804
0.05574019047387657
0.6752901423637894
0.5569689336052677
0.7609013269302616
0.6391341015035341
0.9851931175879184
0.2971224955759797
0.6083600449588005
0.7832498879690221
0.04460665729273905
0.1936156692745511
0.24860550553147742
0.9675830719247599
0.9231978292508992
0.24006980092147778
0.04938877171147793
0.8753688230212687
0.19408692555903906
0.23847913508470453
0.9610091160093762
0.32920953503972494
0.6687810052841144
0.6283144000046379
0.6468360824089083
0.8224388685835321
0.09453667106159058
0.3112552729105078
0.45486012465888837
0.7449012726301643
0.7332942871381433
0.9502925011775174
0.07112958283120996
0.5523982804779857
0.30695062138512885
0.8659212112983806
0.5528677917750003
0.6241665153110108
0.672364547213648
0.9800744906149915
0.9627365111659344
0.9584255379844661
0.9551505758670401
0.662909609183574
0.7623562958506701
0.8595531823456924
0.8708990858929373
0.617189519918218
0.28126747117299455
0.24389251291343894
0.3550775243292493
0.8191665674621929
0.9471266004510505
0.8572471314316451
0.43217091906501315
0.6422679478551573
0.8640154209512091
0.13060023657575648
0.02510573063029431
0.7485135250140861
0.7067779235801821
0.659116112055791
0.7562700816410753
0.6189784619427745
0.5364440165005626
0.6955243218966428
0.5286444435657373
0.04252364030753919
0.3352367325238257
0.9132761594560287
0.29351713554134806
0.9397269396386819
0.6986257400898839
0.4850480203386013
0.5024434330146612
0.9279227067541044
0.5290343754441013
0.5015057454385498
0.1702204254820645
0.4374736771424055
0.8088575204509474
0.41979706499764835
0.5351629532132021
0.9754853576546788
0.49076867174391925
0.949337365215163
0.8030911644119437
0.5721092500696716
0.5946669531443771
0.34397497916958375
0.5377809746521168
0.39190606293838837
0.3901718282386196
0.127282551250947
0.6469067499831076
0.9554055322165531
0.11717742423336008
0.34811053363953015
0.6061832994496296
0.08869770557973955
0.6703882670885858
0.4060847580755915
0.7505510046246101
0.8089063886483215
0.38790648980292897
0.12219824283492231
0.2984420789814547
0.27454330947797945
0.18139596080104503
0.347823241608638
0.4665578376975186
0.5102961506469227
0.7199432675826309
0.06145488825460821
0.2110255619764383
0.5061275295983605
0.449921015619828
0.19057065712540922
0.8954397126809719
0.8259837882405666
0.846063249326165
0.41982726218239264
0.585786955712613
0.643119004225014
0.1058271927422405
0.3350047853750451
0.7169486567206421
0.9152301298523048
0.15387697284601576
0.5686730298388853
0.7647101182068374
0.591361846931847
0.061208896192940565
0.616676437292674
0.5548075929345994
0.2509726689198042
0.4586864302102158
0.8914689612972043
0.9950457554663686
0.7957893312333353
0.6313731394535249
0.2821102323581154
0.09839354264131128
0.2556108408179294
0.43199653670861005
0.6530624973376369
0.12599910228846178
0.2771275097253604
0.6952026541608651
0.1985829758488602
0.33069317161686274
0.7826734029060576
0.9235617705385634
0.7465014539755461
0.5951732739936423
0.7624727771859626
0.6366185508984963
0.4070179900207166
0.2831238658277849
0.8704624313505773
0.9618013253631775
0.11054144986972003
0.2676633078095013
0.5351204789079886
0.9826807439591712
0.7929021572089399
0.49182803953227106
0.02587932812562299
0.8909802305212139
0.9625039514617187
0.14098087748891108
0.8848203516321065
0.18554715413336975
0.851688423055203
0.5080858910412077
0.6587538635176025
0.7710722475249094
0.8178830282865959
0.8724963666852921
0.2908171139074658
0.22383160739151886
0.0831633686252885
0.5614051356718642
0.06654908450157637
0.5190824338900991
0.16525953297662055
0.8400278745659124
0.7973028399567889
0.011921631884937778
0.8670041765995707
0.22618056187997704
0.6396928795048327
0.13370786482813235
0.11441836386343673
0.3373126594895427
0.061720024392721395
0.563499257297728
0.04784250579056459
0.5655921682476288
0.5907044179779529
0.010653549992017619
0.7343425539666188
0.13577528369174896
0.009309303676435676
0.45728708492799763
0.7684444639016339
0.7057419436236283
0.7853971792951961
0.10060723346063316
0.6502590669621442
0.9705663668792752
0.9608253672188143
0.4845109154517655
0.5630587315736345
0.15447420320741867
0.4224029449966572
0.7970408223235017
0.5021545333204888
0.7794533674775247
0.9388449575453043
0.5782278463337724
0.912423802750671
0.4002506537271372
0.485737946094017
0.2663048880471609
0.4296017968049388
0.8869074113916645
0.820580188063468
0.6473854440921935
0.007659130817769477
0.3408051243146213
0.9307316713384894
0.6762639505212549
0.5472915588456925
0.9342001496165695
0.8799363899463037
0.9088664746015823
0.4998392791958084
0.857194389981262
0.6879373301778784
0.40880136540748757
0.9354078972024
0.4334698306270983
0.15529639378016336
0.8218820736917718
0.9512089531304418
0.5529367064062072
0.5888089622112133
0.07142272730769128
0.6647961539490268
0.28672695935855597
0.8299615620650662
0.8603589352278982
0.5143260532674431
0.7892851451423287
0.25623645310145915
0.2112280994792466
0.7392406646612417
0.20760526285221026
0.0776375616483218
0.8212348194133497
0.6517257616909505
0.2672088787830198
0.789774691388258
0.06714896080161936
0.8543317470644984
0.5810509258480286
0.12099558833082902
0.6654502269346405
0.9711625414499953
0.37653204818587105
0.5111799996258723
0.9069850940648543
0.8762237104935517
0.3340604210029433
0.4170092994030865
0.5881781295467129
0.6559089028397045
0.5857397018270424
0.8633515996390065
0.5338504803173343
0.721756673652697
0.3676305972001679
0.48206160485636373
0.3757799199055586
0.12798404058600854
0.29058065603480265
0.6337384360162852
0.7835912245441635
0.2699068704069394
0.14806038084834383
0.5685907380990786
0.8787897799652744
0.20304559488562413
0.9202387421364935
0.7464005603345535
0.31336247107699833
0.9221880241782592
0.6512940851798602
0.11107959394284406
0.4665963597881029
0.16607166188066047
0.6670920888648765
0.7427150947877005
0.19427259257559093
0.8223563373308014
0.3476724954692274
0.5181092810619886
0.9405661950381
0.3588807447504856
0.45028813650034794
0.7010895377787937
0.7214130365040212
0.9507631840245501
0.7268164939956154
0.9457871733743047
0.017328325418907053
0.7347167699266655
0.11223690573177336
0.6952277456785556
0.5927060374505462
0.08581695179456905
0.7335292745670696
0.3119131965177181
0.3419754058187183
0.14005863230048277
0.735422410928052
0.9752890991997719
0.4774927338440986
0.2825285728822341
0.08181579272075534
0.5011077376027384
0.18680443252828005
0.4579187281331919
0.6493147399658254
0.46025228865982004
0.8853580321255027
0.7229472067414611
0.04992522071950767
0.371927842219837
0.5621414487305043
0.6205082234276407
0.22337457174775732
0.611654004175291
0.6408190043599087
0.6618813795299464
0.39416481820251337
0.44768228972231716
0.43241430713661577
0.5048461876985557
0.7033363679936389
0.36812574701201417
0.6794403004290012
0.9282777642483254
0.2950287261209713
0.3939499832308556
0.22427379358026545
0.7729611925524464
0.8365561146135573
0.8348165546710407
0.22843810212713123
0.6613264522617074
0.6185578225579829
0.3821752271084152
0.851934267566315
0.8147607756018983
0.18207128628753821
0.9690938604328063
0.3509188687218311
0.8588018730082629
0.1253155062706207
0.7028543002497546
0.5049460962718814
0.17317899153531824
0.6238453110587564
0.6955116284092743
0.10205323114505482
0.6016240230233537
0.8378838728758384
0.8928112174184919
0.1505808585365187
0.8208945599134361
0.3316080482354088
0.6854525048840042
0.37712645489360885
0.3329994013370102
0.5663571158943455
0.477651388283171
0.20783488060559774
0.07518912838484648
0.5136812710663965
0.5842559841583412
0.6005381480117206
0.2412034077341887
0.2454631854308882
0.30092701091327845
0.7286191804426491
0.12605831958373248
0.37178933641504697
0.9979045777969446
0.8674277062071082
0.8007283749577844
0.6579784766706547
0.8571443552784982
0.5479957305169832
0.5721448499123036
0.8715711970032559
0.5968974684587005
0.7443524411514287
0.5214724010357077
0.5869682106701184
0.018062167080826752
0.8689249234451978
0.6470905592350649
0.6706428749208099
0.519597203634215
0.6104833293399011
0.6243143868483162
0.4884266832696611
0.39723930086382975
0.25388610707707115
0.11489020639192682
0.9334563910288357
0.972391775279276
0.4389933445432441
0.21756892787862858
0.7468265171376284
0.6137099535623709
0.7418657137077351
0.8546542657378146
0.920045827796381
0.22637658939255068
0.9705147498062082
0.2800695361249974
0.7403042483909751
0.9620315710275975
0.189682345799152
0.11046276934304056
0.9950660546401224
0.000397417630957575
0.5367238930223063
0.623487701751947
0.383299191114173
0.32329922609548956
0.8501406405847345
0.27899972828859043
0.8628883321718076
0.5020349914862605
0.7713624767007657
0.7651605587798563
0.08325621539322114
0.8374780129337799
0.5583546006009392
0.9016998703375423
0.8187413094012286
0.4336222258295189
0.46216768643403794
0.7308380512375617
0.7506093735657381
0.7864081759385263
0.9605108381229874
0.790218989758716
0.16815923357886575
0.9840292403538702
0.18078792084136897
0.6291636155922933
0.5652700603782105
0.27466020107948264
0.3501969824759378
0.34573824572456147
0.8721134888869317
0.33328947801255027
0.8068570180909661
0.7772751104309016
0.04267524378226495
0.6887373157396905
0.6470545332740327
0.8631952838183643
0.7444763442658757
0.7941558818769467
0.7974666782484676
0.9163914391602066
0.42389965400908225
0.8079193353637427
0.08684703346699207
0.03592311712875629
0.9269278387133941
0.1806416298009036
0.9321479937062286
0.5406665358495464
0.6890651962461442
0.5405402272756892
0.18185686046108573
0.12231111331987354
0.06676568239838343
0.09777362137214374
0.7151605877013275
0.7638581460831271
0.7722257550569386
0.9781486531642116
0.06574202852798128
0.7711150492294608
0.394808108531878
0.9714792949883291
0.03750251918010461
0.5410519579878859
0.42544701172580623
0.022608391258147953
0.315366328173211
0.30783267246307644
0.2567638758421895
0.46473836449040307
0.775146683631166
0.6276628213836528
0.6231763681988326
0.006595057095826085
0.32552236595549877
0.5257797622743582
0.3914494320658709
0.5809203162702513
0.6840003721717587
0.9500647368262399
0.3726531776993902
0.8588224697373738
0.738172916508881
0.32281548784478387
0.06666155994966938
0.06085681769203943
0.053301423011198334
0.1528194820672929
0.8135184282687342
0.11989685321826604
0.19415169627844908
0.35065262421130694
0.30708524422104166
0.16182002804193818
0.5672491925440932
0.8901589745093312
0.07532921143638138
0.19092867058232588
0.8722067269960799
0.1945247840154094
0.19414577684141787
0.19616942589281783
0.5265978121860588
0.7770067470131307
0.2816601617843557
0.8749813938343826
0.5088843072783245
0.6145693941727152
0.9385312116480089
0.019150202304437758
0.09108089833089861
0.7507601369846957
0.4215738103146197
0.06842168267724436
0.5434618359722257
0.3676288650854057
0.38397796533600825
0.2600429232665388
0.46583615507578857
0.9918700875396863
0.2141121255934666
0.20435594325084205
0.6035910567367405
0.18755759567186425
0.21629607338224432
0.07329670774760733
0.9195659198592099
0.7433321012848906
0.4372937585725536
0.4526085903616469
0.767036217562156
0.4088338552876557
0.40148809797033935
0.9813041571703747
0.871113182143635
0.871648721260099
0.5670334076699237
0.3412802659663644
0.41549246949483043
0.9607032122490868
0.7509063858437476
0.9754751266217391
0.842882042532135
0.2605130529132923
0.9460454187107551
0.6156400006028986
0.49657371939689754
0.11066094371517243
0.11071231298585238
0.050969220978774765
0.39740027122307053
0.33669594171051787
0.8047089078155643
0.7960137650508397
0.692627096240275
0.38968633195233493
0.21713893203651025
0.3896464054281761
0.7670653660145716
0.4244976439211626
0.30592832908805345
0.44747123838848857
0.7705159314565262
0.9631042156194912
0.9066811475538591
0.6231405009752409
0.7657470521394395
0.7318197927627857
